{
    "camera_angle_x": 0.6911112070083618,
    "frames": [
        {
            "file_path": "./train/r_000",
            "transform_matrix": [
                [
                    -0.9999999403953552,
                    0.0,
                    0.0,
                    0.0
                ],
                [
                    0.0,
                    0.0,
                    1.0,
                    4.0
                ],
                [
                    0.0,
                    1.0,
                    0.0,
                    0.0
                ],
                [
                    0.0,
                    0.0,
                    0.0,
                    1.0
                ]
            ]
        },
        {
            "file_path": "./train/r_001",
            "transform_matrix": [
                [
                    -0.80901700258255,
                    0.0,
                    -0.5877852439880371,
                    -2.3511409759521484
                ],
                [
                    -0.5877852439880371,
                    0.0,
                    0.80901700258255,
                    3.2360680103302
                ],
                [
                    0.0,
                    1.0,
                    0.0,
                    0.0
                ],
                [
                    0.0,
                    0.0,
                    0.0,
                    1.0
                ]
            ]
        },
        {
            "file_path": "./train/r_002",
            "transform_matrix": [
                [
                    -0.3090169429779053,
                    0.0,
                    -0.9510564804077148,
                    -3.8042261600494385
                ],
                [
                    -0.9510564804077148,
                    0.0,
                    0.3090169429779053,
                    1.2360678911209106
                ],
                [
                    0.0,
                    1.0,
                    0.0,
                    0.0
                ],
                [
                    0.0,
                    0.0,
                    0.0,
                    1.0
                ]
            ]
        },
        {
            "file_path": "./train/r_003",
            "transform_matrix": [
                [
                    0.3090169131755829,
                    0.0,
                    -0.9510572552680969,
                    -3.8042259216308594
                ],
                [
                    -0.9510560631752014,
                    0.0,
                    -0.30901727080345154,
                    -1.2360681295394897
                ],
                [
                    0.0,
                    1.0,
                    0.0,
                    0.0
                ],
                [
                    0.0,
                    0.0,
                    0.0,
                    1.0
                ]
            ]
        },
        {
            "file_path": "./train/r_004",
            "transform_matrix": [
                [
                    0.8090170621871948,
                    0.0,
                    -0.5877851843833923,
                    -2.3511407375335693
                ],
                [
                    -0.5877851843833923,
                    0.0,
                    -0.8090170621871948,
                    -3.2360682487487793
                ],
                [
                    0.0,
                    1.0,
                    0.0,
                    0.0
                ],
                [
                    0.0,
                    0.0,
                    0.0,
                    1.0
                ]
            ]
        },
        {
            "file_path": "./train/r_005",
            "transform_matrix": [
                [
                    0.9999999403953552,
                    0.0,
                    8.74227694680485e-08,
                    3.4969110629390343e-07
                ],
                [
                    8.74227694680485e-08,
                    0.0,
                    -0.9999999403953552,
                    -4.0
                ],
                [
                    0.0,
                    1.0,
                    0.0,
                    0.0
                ],
                [
                    0.0,
                    0.0,
                    0.0,
                    1.0
                ]
            ]
        },
        {
            "file_path": "./train/r_006",
            "transform_matrix": [
                [
                    0.8090169429779053,
                    0.0,
                    0.5877853631973267,
                    2.3511414527893066
                ],
                [
                    0.5877853631973267,
                    0.0,
                    -0.8090169429779053,
                    -3.236067771911621
                ],
                [
                    0.0,
                    1.0,
                    0.0,
                    0.0
                ],
                [
                    0.0,
                    0.0,
                    0.0,
                    1.0
                ]
            ]
        },
        {
            "file_path": "./train/r_007",
            "transform_matrix": [
                [
                    0.30901703238487244,
                    0.0,
                    0.9510564804077148,
                    3.8042259216308594
                ],
                [
                    0.9510563015937805,
                    0.0,
                    -0.3090170919895172,
                    -1.2360683679580688
                ],
                [
                    0.0,
                    1.0,
                    0.0,
                    0.0
                ],
                [
                    0.0,
                    0.0,
                    0.0,
                    1.0
                ]
            ]
        },
        {
            "file_path": "./train/r_008",
            "transform_matrix": [
                [
                    -0.3090170919895172,
                    0.0,
                    0.9510564804077148,
                    3.8042259216308594
                ],
                [
                    0.9510564208030701,
                    0.0,
                    0.3090171217918396,
                    1.2360684871673584
                ],
                [
                    0.0,
                    1.0,
                    0.0,
                    0.0
                ],
                [
                    0.0,
                    0.0,
                    0.0,
                    1.0
                ]
            ]
        },
        {
            "file_path": "./train/r_009",
            "transform_matrix": [
                [
                    -0.8090169429779053,
                    0.0,
                    0.5877852439880371,
                    2.3511412143707275
                ],
                [
                    0.5877853035926819,
                    0.0,
                    0.8090168237686157,
                    3.236067771911621
                ],
                [
                    0.0,
                    1.0,
                    0.0,
                    0.0
                ],
                [
                    0.0,
                    0.0,
                    0.0,
                    1.0
                ]
            ]
        },
        {
            "file_path": "./train/r_010",
            "transform_matrix": [
                [
                    -1.0,
                    0.0,
                    0.0,
                    0.0
                ],
                [
                    0.0,
                    -0.15643441677093506,
                    0.9876883029937744,
                    3.9507534503936768
                ],
                [
                    0.0,
                    0.9876879453659058,
                    0.15643446147441864,
                    0.6257379055023193
                ],
                [
                    0.0,
                    0.0,
                    0.0,
                    1.0
                ]
            ]
        },
        {
            "file_path": "./train/r_011",
            "transform_matrix": [
                [
                    -0.8090170621871948,
                    0.09194985032081604,
                    -0.5805485844612122,
                    -2.3221945762634277
                ],
                [
                    -0.5877853035926819,
                    -0.1265581101179123,
                    0.7990565896034241,
                    3.1962265968322754
                ],
                [
                    0.0,
                    0.9876879453659058,
                    0.15643446147441864,
                    0.6257379055023193
                ],
                [
                    0.0,
                    0.0,
                    0.0,
                    1.0
                ]
            ]
        },
        {
            "file_path": "./train/r_012",
            "transform_matrix": [
                [
                    -0.30901697278022766,
                    0.14877797663211823,
                    -0.9393473863601685,
                    -3.757389783859253
                ],
                [
                    -0.9510565996170044,
                    -0.04834088683128357,
                    0.3052124083042145,
                    1.2208497524261475
                ],
                [
                    3.725290742551124e-09,
                    0.9876879453659058,
                    0.15643446147441864,
                    0.6257379055023193
                ],
                [
                    0.0,
                    0.0,
                    0.0,
                    1.0
                ]
            ]
        },
        {
            "file_path": "./train/r_013",
            "transform_matrix": [
                [
                    0.30901703238487244,
                    0.14877796173095703,
                    -0.939348042011261,
                    -3.757389545440674
                ],
                [
                    -0.9510564804077148,
                    0.048340894281864166,
                    -0.30521273612976074,
                    -1.2208501100540161
                ],
                [
                    -3.725290076417309e-09,
                    0.9876879453659058,
                    0.1564345806837082,
                    0.6257379055023193
                ],
                [
                    0.0,
                    0.0,
                    0.0,
                    1.0
                ]
            ]
        },
        {
            "file_path": "./train/r_014",
            "transform_matrix": [
                [
                    0.8090177178382874,
                    0.09194984287023544,
                    -0.5805485844612122,
                    -2.3221943378448486
                ],
                [
                    -0.5877856612205505,
                    0.1265581101179123,
                    -0.7990567088127136,
                    -3.1962268352508545
                ],
                [
                    -7.450586814172766e-09,
                    0.9876879453659058,
                    0.15643447637557983,
                    0.6257379055023193
                ],
                [
                    0.0,
                    0.0,
                    0.0,
                    1.0
                ]
            ]
        },
        {
            "file_path": "./train/r_015",
            "transform_matrix": [
                [
                    0.9999999403953552,
                    -1.367593149836921e-08,
                    8.634645354277382e-08,
                    3.453858425928047e-07
                ],
                [
                    8.74227694680485e-08,
                    0.15643441677093506,
                    -0.9876883029937744,
                    -3.9507534503936768
                ],
                [
                    8.88178366760566e-16,
                    0.9876879453659058,
                    0.15643446147441864,
                    0.6257379055023193
                ],
                [
                    0.0,
                    0.0,
                    0.0,
                    1.0
                ]
            ]
        },
        {
            "file_path": "./train/r_016",
            "transform_matrix": [
                [
                    0.8090171813964844,
                    -0.09194985777139664,
                    0.5805485844612122,
                    2.322194814682007
                ],
                [
                    0.5877854824066162,
                    0.1265580952167511,
                    -0.7990564703941345,
                    -3.1962263584136963
                ],
                [
                    0.0,
                    0.9876879453659058,
                    0.15643444657325745,
                    0.6257379055023193
                ],
                [
                    0.0,
                    0.0,
                    0.0,
                    1.0
                ]
            ]
        },
        {
            "file_path": "./train/r_017",
            "transform_matrix": [
                [
                    0.3090171217918396,
                    -0.14877796173095703,
                    0.9393473863601685,
                    3.757389545440674
                ],
                [
                    0.9510565400123596,
                    0.04834090918302536,
                    -0.3052125871181488,
                    -1.2208503484725952
                ],
                [
                    0.0,
                    0.9876879453659058,
                    0.15643447637557983,
                    0.6257379055023193
                ],
                [
                    0.0,
                    0.0,
                    0.0,
                    1.0
                ]
            ]
        },
        {
            "file_path": "./train/r_018",
            "transform_matrix": [
                [
                    -0.309017151594162,
                    -0.14877796173095703,
                    0.9393473863601685,
                    3.757389545440674
                ],
                [
                    0.9510565400123596,
                    -0.04834091290831566,
                    0.3052126169204712,
                    1.2208504676818848
                ],
                [
                    -3.725290742551124e-09,
                    0.9876879453659058,
                    0.15643447637557983,
                    0.6257379055023193
                ],
                [
                    0.0,
                    0.0,
                    0.0,
                    1.0
                ]
            ]
        },
        {
            "file_path": "./train/r_019",
            "transform_matrix": [
                [
                    -0.8090171813964844,
                    -0.09194985777139664,
                    0.5805485844612122,
                    2.322194814682007
                ],
                [
                    0.5877854824066162,
                    -0.1265580952167511,
                    0.7990564703941345,
                    3.1962263584136963
                ],
                [
                    0.0,
                    0.9876879453659058,
                    0.15643444657325745,
                    0.6257379055023193
                ],
                [
                    0.0,
                    0.0,
                    0.0,
                    1.0
                ]
            ]
        },
        {
            "file_path": "./train/r_020",
            "transform_matrix": [
                [
                    -0.9999999403953552,
                    0.0,
                    0.0,
                    0.0
                ],
                [
                    0.0,
                    -0.30901703238487244,
                    0.9510564804077148,
                    3.8042261600494385
                ],
                [
                    0.0,
                    0.9510565400123596,
                    0.30901697278022766,
                    1.2360680103302002
                ],
                [
                    0.0,
                    0.0,
                    0.0,
                    1.0
                ]
            ]
        },
        {
            "file_path": "./train/r_021",
            "transform_matrix": [
                [
                    -0.80901700258255,
                    0.18163566291332245,
                    -0.55901700258255,
                    -2.2360680103302
                ],
                [
                    -0.5877853035926819,
                    -0.2500000298023224,
                    0.769420862197876,
                    3.077683448791504
                ],
                [
                    0.0,
                    0.9510565400123596,
                    0.30901700258255005,
                    1.2360680103302002
                ],
                [
                    0.0,
                    0.0,
                    0.0,
                    1.0
                ]
            ]
        },
        {
            "file_path": "./train/r_022",
            "transform_matrix": [
                [
                    -0.30901697278022766,
                    0.29389265179634094,
                    -0.9045085310935974,
                    -3.6180341243743896
                ],
                [
                    -0.9510565400123596,
                    -0.09549149870872498,
                    0.29389259219169617,
                    1.1755703687667847
                ],
                [
                    0.0,
                    0.9510565400123596,
                    0.30901700258255005,
                    1.2360680103302002
                ],
                [
                    0.0,
                    0.0,
                    0.0,
                    1.0
                ]
            ]
        },
        {
            "file_path": "./train/r_023",
            "transform_matrix": [
                [
                    0.30901727080345154,
                    0.29389265179634094,
                    -0.9045083522796631,
                    -3.6180338859558105
                ],
                [
                    -0.9510571956634521,
                    0.09549153596162796,
                    -0.29389265179634094,
                    -1.1755707263946533
                ],
                [
                    7.450585925994346e-09,
                    0.9510565400123596,
                    0.30901697278022766,
                    1.2360680103302002
                ],
                [
                    0.0,
                    0.0,
                    0.0,
                    1.0
                ]
            ]
        },
        {
            "file_path": "./train/r_024",
            "transform_matrix": [
                [
                    0.80901700258255,
                    0.18163563311100006,
                    -0.5590168237686157,
                    -2.236067771911621
                ],
                [
                    -0.5877851843833923,
                    0.2500000298023224,
                    -0.7694208025932312,
                    -3.077683687210083
                ],
                [
                    0.0,
                    0.9510565400123596,
                    0.3090169429779053,
                    1.2360680103302002
                ],
                [
                    0.0,
                    0.0,
                    0.0,
                    1.0
                ]
            ]
        },
        {
            "file_path": "./train/r_025",
            "transform_matrix": [
                [
                    0.9999999403953552,
                    -2.701512613612067e-08,
                    8.31439948001389e-08,
                    3.32576007622265e-07
                ],
                [
                    8.74227694680485e-08,
                    0.30901703238487244,
                    -0.9510564804077148,
                    -3.8042261600494385
                ],
                [
                    0.0,
                    0.9510565400123596,
                    0.30901697278022766,
                    1.2360680103302002
                ],
                [
                    0.0,
                    0.0,
                    0.0,
                    1.0
                ]
            ]
        },
        {
            "file_path": "./train/r_026",
            "transform_matrix": [
                [
                    0.8090169429779053,
                    -0.18163567781448364,
                    0.5590169429779053,
                    2.2360682487487793
                ],
                [
                    0.5877853631973267,
                    0.2499999850988388,
                    -0.7694206237792969,
                    -3.077683210372925
                ],
                [
                    1.4901161193847656e-08,
                    0.9510565400123596,
                    0.3090169429779053,
                    1.2360680103302002
                ],
                [
                    0.0,
                    0.0,
                    0.0,
                    1.0
                ]
            ]
        },
        {
            "file_path": "./train/r_027",
            "transform_matrix": [
                [
                    0.3090170919895172,
                    -0.29389265179634094,
                    0.9045084714889526,
                    3.6180338859558105
                ],
                [
                    0.9510564208030701,
                    0.09549155086278915,
                    -0.2938927412033081,
                    -1.1755709648132324
                ],
                [
                    0.0,
                    0.9510565400123596,
                    0.30901700258255005,
                    1.2360680103302002
                ],
                [
                    0.0,
                    0.0,
                    0.0,
                    1.0
                ]
            ]
        },
        {
            "file_path": "./train/r_028",
            "transform_matrix": [
                [
                    -0.3090171217918396,
                    -0.29389265179634094,
                    0.9045083522796631,
                    3.6180338859558105
                ],
                [
                    0.9510564804077148,
                    -0.09549155086278915,
                    0.2938927114009857,
                    1.1755709648132324
                ],
                [
                    0.0,
                    0.9510565400123596,
                    0.30901697278022766,
                    1.2360680103302002
                ],
                [
                    0.0,
                    0.0,
                    0.0,
                    1.0
                ]
            ]
        },
        {
            "file_path": "./train/r_029",
            "transform_matrix": [
                [
                    -0.8090165257453918,
                    -0.18163566291332245,
                    0.5590170621871948,
                    2.2360682487487793
                ],
                [
                    0.587785005569458,
                    -0.2499999850988388,
                    0.769420862197876,
                    3.077683448791504
                ],
                [
                    -1.490115231206346e-08,
                    0.9510565400123596,
                    0.30901700258255005,
                    1.2360680103302002
                ],
                [
                    0.0,
                    0.0,
                    0.0,
                    1.0
                ]
            ]
        },
        {
            "file_path": "./train/r_030",
            "transform_matrix": [
                [
                    -0.9999999403953552,
                    0.0,
                    0.0,
                    0.0
                ],
                [
                    0.0,
                    -0.45399054884910583,
                    0.8910065293312073,
                    3.564026117324829
                ],
                [
                    0.0,
                    0.8910065293312073,
                    0.45399051904678345,
                    1.8159620761871338
                ],
                [
                    0.0,
                    0.0,
                    0.0,
                    1.0
                ]
            ]
        },
        {
            "file_path": "./train/r_031",
            "transform_matrix": [
                [
                    -0.8090169429779053,
                    0.26684892177581787,
                    -0.5237206220626831,
                    -2.094882011413574
                ],
                [
                    -0.5877853035926819,
                    -0.3672860264778137,
                    0.7208395004272461,
                    2.883357524871826
                ],
                [
                    -1.4901159417490817e-08,
                    0.8910065293312073,
                    0.453990638256073,
                    1.8159620761871338
                ],
                [
                    0.0,
                    0.0,
                    0.0,
                    1.0
                ]
            ]
        },
        {
            "file_path": "./train/r_032",
            "transform_matrix": [
                [
                    -0.30901697278022766,
                    0.4317706227302551,
                    -0.8473981618881226,
                    -3.389590263366699
                ],
                [
                    -0.9510565996170044,
                    -0.1402907520532608,
                    0.2753363251686096,
                    1.1013444662094116
                ],
                [
                    0.0,
                    0.8910065293312073,
                    0.4539908468723297,
                    1.8159620761871338
                ],
                [
                    0.0,
                    0.0,
                    0.0,
                    1.0
                ]
            ]
        },
        {
            "file_path": "./train/r_033",
            "transform_matrix": [
                [
                    0.30901703238487244,
                    0.4317706525325775,
                    -0.84739750623703,
                    -3.389590263366699
                ],
                [
                    -0.9510564804077148,
                    0.14029081165790558,
                    -0.2753361761569977,
                    -1.1013448238372803
                ],
                [
                    0.0,
                    0.8910065293312073,
                    0.45399048924446106,
                    1.8159620761871338
                ],
                [
                    0.0,
                    0.0,
                    0.0,
                    1.0
                ]
            ]
        },
        {
            "file_path": "./train/r_034",
            "transform_matrix": [
                [
                    0.8090170621871948,
                    0.26684892177581787,
                    -0.5237204432487488,
                    -2.094881772994995
                ],
                [
                    -0.5877851843833923,
                    0.3672860562801361,
                    -0.7208394408226013,
                    -2.8833577632904053
                ],
                [
                    -1.4901161193847656e-08,
                    0.8910065293312073,
                    0.45399051904678345,
                    1.8159620761871338
                ],
                [
                    0.0,
                    0.0,
                    0.0,
                    1.0
                ]
            ]
        },
        {
            "file_path": "./train/r_035",
            "transform_matrix": [
                [
                    0.9999999403953552,
                    -3.9689112441010366e-08,
                    7.789425637838576e-08,
                    3.115770539352525e-07
                ],
                [
                    8.74227694680485e-08,
                    0.45399054884910583,
                    -0.8910064697265625,
                    -3.564026117324829
                ],
                [
                    -3.552713467042264e-15,
                    0.8910065293312073,
                    0.45399048924446106,
                    1.8159620761871338
                ],
                [
                    0.0,
                    0.0,
                    0.0,
                    1.0
                ]
            ]
        },
        {
            "file_path": "./train/r_036",
            "transform_matrix": [
                [
                    0.8090169429779053,
                    -0.26684895157814026,
                    0.5237205624580383,
                    2.0948822498321533
                ],
                [
                    0.5877853631973267,
                    0.3672860264778137,
                    -0.7208393812179565,
                    -2.883357524871826
                ],
                [
                    -1.4901161193847656e-08,
                    0.8910065293312073,
                    0.45399051904678345,
                    1.8159620761871338
                ],
                [
                    0.0,
                    0.0,
                    0.0,
                    1.0
                ]
            ]
        },
        {
            "file_path": "./train/r_037",
            "transform_matrix": [
                [
                    0.3090170919895172,
                    -0.4317706227302551,
                    0.8473974466323853,
                    3.38959002494812
                ],
                [
                    0.9510564208030701,
                    0.14029084146022797,
                    -0.27533623576164246,
                    -1.1013450622558594
                ],
                [
                    0.0,
                    0.8910065293312073,
                    0.45399048924446106,
                    1.8159620761871338
                ],
                [
                    0.0,
                    0.0,
                    0.0,
                    1.0
                ]
            ]
        },
        {
            "file_path": "./train/r_038",
            "transform_matrix": [
                [
                    -0.3090170919895172,
                    -0.4317706227302551,
                    0.8473974466323853,
                    3.38959002494812
                ],
                [
                    0.9510564208030701,
                    -0.14029084146022797,
                    0.27533623576164246,
                    1.1013450622558594
                ],
                [
                    0.0,
                    0.8910065293312073,
                    0.45399048924446106,
                    1.8159620761871338
                ],
                [
                    0.0,
                    0.0,
                    0.0,
                    1.0
                ]
            ]
        },
        {
            "file_path": "./train/r_039",
            "transform_matrix": [
                [
                    -0.8090169429779053,
                    -0.26684895157814026,
                    0.5237205624580383,
                    2.0948822498321533
                ],
                [
                    0.5877853631973267,
                    -0.3672860264778137,
                    0.7208393812179565,
                    2.883357524871826
                ],
                [
                    1.4901161193847656e-08,
                    0.8910065293312073,
                    0.45399051904678345,
                    1.8159620761871338
                ],
                [
                    0.0,
                    0.0,
                    0.0,
                    1.0
                ]
            ]
        },
        {
            "file_path": "./train/r_040",
            "transform_matrix": [
                [
                    -1.0,
                    0.0,
                    0.0,
                    0.0
                ],
                [
                    0.0,
                    -0.5877852439880371,
                    0.8090168833732605,
                    3.2360680103302
                ],
                [
                    0.0,
                    0.8090169429779053,
                    0.5877851247787476,
                    2.3511409759521484
                ],
                [
                    0.0,
                    0.0,
                    0.0,
                    1.0
                ]
            ]
        },
        {
            "file_path": "./train/r_041",
            "transform_matrix": [
                [
                    -0.8090169429779053,
                    0.34549152851104736,
                    -0.47552821040153503,
                    -1.9021130800247192
                ],
                [
                    -0.5877853035926819,
                    -0.4755282700061798,
                    0.6545084118843079,
                    2.6180338859558105
                ],
                [
                    0.0,
                    0.80901700258255,
                    0.5877851843833923,
                    2.3511409759521484
                ],
                [
                    0.0,
                    0.0,
                    0.0,
                    1.0
                ]
            ]
        },
        {
            "file_path": "./train/r_042",
            "transform_matrix": [
                [
                    -0.30901697278022766,
                    0.55901700258255,
                    -0.7694205641746521,
                    -3.077683448791504
                ],
                [
                    -0.9510565996170044,
                    -0.18163561820983887,
                    0.24999986588954926,
                    0.9999998807907104
                ],
                [
                    0.0,
                    0.80901700258255,
                    0.587785005569458,
                    2.3511409759521484
                ],
                [
                    0.0,
                    0.0,
                    0.0,
                    1.0
                ]
            ]
        },
        {
            "file_path": "./train/r_043",
            "transform_matrix": [
                [
                    0.30901724100112915,
                    0.55901700258255,
                    -0.769420862197876,
                    -3.077683448791504
                ],
                [
                    -0.9510571956634521,
                    0.18163564801216125,
                    -0.2500000298023224,
                    -1.0000001192092896
                ],
                [
                    -1.4901171851988693e-08,
                    0.80901700258255,
                    0.5877852439880371,
                    2.3511409759521484
                ],
                [
                    0.0,
                    0.0,
                    0.0,
                    1.0
                ]
            ]
        },
        {
            "file_path": "./train/r_044",
            "transform_matrix": [
                [
                    0.80901700258255,
                    0.3454914689064026,
                    -0.47552815079689026,
                    -1.9021128416061401
                ],
                [
                    -0.5877851247787476,
                    0.4755282998085022,
                    -0.6545084714889526,
                    -2.6180341243743896
                ],
                [
                    0.0,
                    0.80901700258255,
                    0.5877851843833923,
                    2.3511409759521484
                ],
                [
                    0.0,
                    0.0,
                    0.0,
                    1.0
                ]
            ]
        },
        {
            "file_path": "./train/r_045",
            "transform_matrix": [
                [
                    0.9999999403953552,
                    -5.138581826713562e-08,
                    7.072650021200388e-08,
                    2.829060576914344e-07
                ],
                [
                    8.74227694680485e-08,
                    0.5877852439880371,
                    -0.8090168833732605,
                    -3.2360680103302
                ],
                [
                    0.0,
                    0.8090169429779053,
                    0.5877851247787476,
                    2.3511409759521484
                ],
                [
                    0.0,
                    0.0,
                    0.0,
                    1.0
                ]
            ]
        },
        {
            "file_path": "./train/r_046",
            "transform_matrix": [
                [
                    0.8090175986289978,
                    -0.34549155831336975,
                    0.47552812099456787,
                    1.9021133184432983
                ],
                [
                    0.5877858400344849,
                    0.47552821040153503,
                    -0.654508113861084,
                    -2.6180336475372314
                ],
                [
                    0.0,
                    0.80901700258255,
                    0.587785005569458,
                    2.3511409759521484
                ],
                [
                    0.0,
                    0.0,
                    0.0,
                    1.0
                ]
            ]
        },
        {
            "file_path": "./train/r_047",
            "transform_matrix": [
                [
                    0.3090171217918396,
                    -0.55901700258255,
                    0.769420862197876,
                    3.077683448791504
                ],
                [
                    0.9510564804077148,
                    0.18163570761680603,
                    -0.25000008940696716,
                    -1.0000003576278687
                ],
                [
                    0.0,
                    0.80901700258255,
                    0.5877852439880371,
                    2.3511409759521484
                ],
                [
